function mpc = case_ieee123
%   Power flow data for IEEE 123 bus test case.
%   Please see CASEFORMAT for details on the case file format.
%
%	This testbed is distributed in the hope that it will be useful, but without any warranty.
%	We do request that publications in which this testbed is adopted, explicitly acknowledge that fact by citing:
%
%	S. Bolognani, S. Zampieri (2014)
%	"On the existence and linear approximation of the power flow solution in power distribution networks"
%	Preprint available at http://arxiv.org/abs/1403.5031

%% MATPOWER Case Format : Version 2
mpc.version = '2';

%%-----  Power Flow Data  -----%%
%% system MVA base
mpc.baseMVA = 1;

%% bus data
%	bus_i	type	Pd	Qd	Gs	Bs	area	Vm	Va	baseKV	zone	Vmax	Vmin
mpc.bus = [
	1	1	0.160	0.080	0.000	0.000	1	1	0	4.16	1	1.1	0.9	;
	7	1	0.020	0.010	0.000	0.000	1	1	0	4.16	1	1.1	0.9	;
	8	1	0.120	0.060	0.000	0.000	1	1	0	4.16	1	1.1	0.9	;
	13	1	0.100	0.050	0.000	0.000	1	1	0	4.16	1	1.1	0.9	;
	52	1	0.040	0.020	0.000	0.000	1	1	0	4.16	1	1.1	0.9	;
	53	1	0.040	0.020	0.000	0.000	1	1	0	4.16	1	1.1	0.9	;
	54	1	0.000	0.000	0.000	0.000	1	1	0	4.16	1	1.1	0.9	;
	55	1	0.020	0.010	0.000	0.000	1	1	0	4.16	1	1.1	0.9	;
	56	1	0.020	0.010	0.000	0.000	1	1	0	4.16	1	1.1	0.9	;
	57	1	0.040	0.020	0.000	0.000	1	1	0	4.16	1	1.1	0.9	;
	60	1	0.020	0.010	0.000	0.000	1	1	0	4.16	1	1.1	0.9	;
	62	1	0.040	0.020	0.000	0.000	1	1	0	4.16	1	1.1	0.9	;
	63	1	0.040	0.020	0.000	0.000	1	1	0	4.16	1	1.1	0.9	;
	64	1	0.075	0.035	0.000	0.000	1	1	0	4.16	1	1.1	0.9	;
	65	1	0.140	0.100	0.000	0.000	1	1	0	4.16	1	1.1	0.9	;
	66	1	0.075	0.035	0.000	0.000	1	1	0	4.16	1	1.1	0.9	;
	67	1	0.120	0.060	0.000	0.000	1	1	0	4.16	1	1.1	0.9	;
	72	1	0.120	0.060	0.000	0.000	1	1	0	4.16	1	1.1	0.9	;
	76	1	0.245	0.180	0.000	0.000	1	1	0	4.16	1	1.1	0.9	;
	77	1	0.040	0.020	0.000	0.000	1	1	0	4.16	1	1.1	0.9	;
	78	1	0.000	0.000	0.000	0.000	1	1	0	4.16	1	1.1	0.9	;
	79	1	0.040	0.020	0.000	0.000	1	1	0	4.16	1	1.1	0.9	;
	80	1	0.040	0.020	0.000	0.000	1	1	0	4.16	1	1.1	0.9	;
	81	1	0.060	0.030	0.000	0.000	1	1	0	4.16	1	1.1	0.9	;
	82	1	0.040	0.020	0.000	0.000	1	1	0	4.16	1	1.1	0.9	;
	83	1	0.020	0.010	0.000	0.000	1	1	0	4.16	1	1.1	0.9	;
	86	1	0.020	0.010	0.000	0.000	1	1	0	4.16	1	1.1	0.9	;
	87	1	0.080	0.040	0.000	0.000	1	1	0	4.16	1	1.1	0.9	;
	89	1	0.040	0.020	0.000	0.000	1	1	0	4.16	1	1.1	0.9	;
	91	1	0.040	0.020	0.000	0.000	1	1	0	4.16	1	1.1	0.9	;
	93	1	0.040	0.020	0.000	0.000	1	1	0	4.16	1	1.1	0.9	;
	95	1	0.040	0.020	0.000	0.000	1	1	0	4.16	1	1.1	0.9	;
	97	1	0.000	0.000	0.000	0.000	1	1	0	4.16	1	1.1	0.9	;
	98	1	0.040	0.020	0.000	0.000	1	1	0	4.16	1	1.1	0.9	;
	99	1	0.040	0.020	0.000	0.000	1	1	0	4.16	1	1.1	0.9	;
	100	1	0.040	0.020	0.000	0.000	1	1	0	4.16	1	1.1	0.9	;
	101	1	0.100	0.050	0.000	0.000	1	1	0	4.16	1	1.1	0.9	;
	105	1	0.080	0.040	0.000	0.000	1	1	0	4.16	1	1.1	0.9	;
	108	1	0.140	0.070	0.000	0.000	1	1	0	4.16	1	1.1	0.9	;
	18	1	0.080	0.040	0.000	0.000	1	1	0	4.16	1	1.1	0.9	;
	21	1	0.040	0.020	0.000	0.000	1	1	0	4.16	1	1.1	0.9	;
	23	1	0.040	0.020	0.000	0.000	1	1	0	4.16	1	1.1	0.9	;
	25	1	0.080	0.040	0.000	0.000	1	1	0	4.16	1	1.1	0.9	;
	28	1	0.040	0.020	0.000	0.000	1	1	0	4.16	1	1.1	0.9	;
	29	1	0.040	0.020	0.000	0.000	1	1	0	4.16	1	1.1	0.9	;
	30	1	0.040	0.020	0.000	0.000	1	1	0	4.16	1	1.1	0.9	;
	35	1	0.120	0.060	0.000	0.000	1	1	0	4.16	1	1.1	0.9	;
	40	1	0.020	0.010	0.000	0.000	1	1	0	4.16	1	1.1	0.9	;
	42	1	0.060	0.030	0.000	0.000	1	1	0	4.16	1	1.1	0.9	;
	44	1	0.040	0.020	0.000	0.000	1	1	0	4.16	1	1.1	0.9	;
	47	1	0.105	0.075	0.000	0.000	1	1	0	4.16	1	1.1	0.9	;
	48	1	0.210	0.150	0.000	0.000	1	1	0	4.16	1	1.1	0.9	;
	49	1	0.140	0.095	0.000	0.000	1	1	0	4.16	1	1.1	0.9	;
	50	1	0.040	0.020	0.000	0.000	1	1	0	4.16	1	1.1	0.9	;
	51	1	0.020	0.010	0.000	0.000	1	1	0	4.16	1	1.1	0.9	;
	150	3	0.000	0.000	0.000	0.000	1	1	0	4.16	1	1.1	0.9	;
	%% Buses missing from original 123 bus case--no load for now
	61	1	0.000	0.000	0.000	0.000	1	1	0	4.16	1	1.1	0.9	;
	94	1	0.000	0.000	0.000	0.000	1	1	0	4.16	1	1.1	0.9	;
	135	1	0.000	0.000	0.000	0.000	1	1	0	4.16	1	1.1	0.9	;
	149	1	0.000	0.000	0.000	0.000	1	1	0	4.16	1	1.1	0.9	;
	151	1	0.000	0.000	0.000	0.000	1	1	0	4.16	1	1.1	0.9	;
	152	1	0.000	0.000	0.000	0.000	1	1	0	4.16	1	1.1	0.9	;
	160	1	0.000	0.000	0.000	0.000	1	1	0	4.16	1	1.1	0.9	;
%	195	1	0.000	0.000	0.000	0.000	1	1	0	4.16	1	1.1	0.9	;
	197	1	0.000	0.000	0.000	0.000	1	1	0	4.16	1	1.1	0.9	;
	250	1	0.000	0.000	0.000	0.000	1	1	0	4.16	1	1.1	0.9	;
%	251	1	0.000	0.000	0.000	0.000	1	1	0	4.16	1	1.1	0.9	;
	300	1	0.000	0.000	0.000	0.000	1	1	0	4.16	1	1.1	0.9	;
%	350	1	0.000	0.000	0.000	0.000	1	1	0	4.16	1	1.1	0.9	;
	450	1	0.000	0.000	0.000	0.000	1	1	0	4.16	1	1.1	0.9	;
%	451	1	0.000	0.000	0.000	0.000	1	1	0	4.16	1	1.1	0.9	;
%	610	1	0.000	0.000	0.000	0.000	1	1	0	4.16	1	1.1	0.9	;

%copy 2
	611	1	0.160	0.080	0.000	0.000	1	1	0	4.16	1	1.1	0.9	;
	617	1	0.020	0.010	0.000	0.000	1	1	0	4.16	1	1.1	0.9	;
	618	1	0.120	0.060	0.000	0.000	1	1	0	4.16	1	1.1	0.9	;
	623	1	0.100	0.050	0.000	0.000	1	1	0	4.16	1	1.1	0.9	;
	662	1	0.040	0.020	0.000	0.000	1	1	0	4.16	1	1.1	0.9	;
	663	1	0.040	0.020	0.000	0.000	1	1	0	4.16	1	1.1	0.9	;
	664	1	0.000	0.000	0.000	0.000	1	1	0	4.16	1	1.1	0.9	;
	665	1	0.020	0.010	0.000	0.000	1	1	0	4.16	1	1.1	0.9	;
	666	1	0.020	0.010	0.000	0.000	1	1	0	4.16	1	1.1	0.9	;
	667	1	0.040	0.020	0.000	0.000	1	1	0	4.16	1	1.1	0.9	;
	670	1	0.020	0.010	0.000	0.000	1	1	0	4.16	1	1.1	0.9	;
	672	1	0.040	0.020	0.000	0.000	1	1	0	4.16	1	1.1	0.9	;
	673	1	0.040	0.020	0.000	0.000	1	1	0	4.16	1	1.1	0.9	;
	674	1	0.075	0.035	0.000	0.000	1	1	0	4.16	1	1.1	0.9	;
	675	1	0.140	0.100	0.000	0.000	1	1	0	4.16	1	1.1	0.9	;
	676	1	0.075	0.035	0.000	0.000	1	1	0	4.16	1	1.1	0.9	;
	677	1	0.120	0.060	0.000	0.000	1	1	0	4.16	1	1.1	0.9	;
	682	1	0.120	0.060	0.000	0.000	1	1	0	4.16	1	1.1	0.9	;
	686	1	0.245	0.180	0.000	0.000	1	1	0	4.16	1	1.1	0.9	;
	687	1	0.040	0.020	0.000	0.000	1	1	0	4.16	1	1.1	0.9	;
	688	1	0.000	0.000	0.000	0.000	1	1	0	4.16	1	1.1	0.9	;
	689	1	0.040	0.020	0.000	0.000	1	1	0	4.16	1	1.1	0.9	;
	690	1	0.040	0.020	0.000	0.000	1	1	0	4.16	1	1.1	0.9	;
	691	1	0.060	0.030	0.000	0.000	1	1	0	4.16	1	1.1	0.9	;
	692	1	0.040	0.020	0.000	0.000	1	1	0	4.16	1	1.1	0.9	;
	693	1	0.020	0.010	0.000	0.000	1	1	0	4.16	1	1.1	0.9	;
	696	1	0.020	0.010	0.000	0.000	1	1	0	4.16	1	1.1	0.9	;
	697	1	0.080	0.040	0.000	0.000	1	1	0	4.16	1	1.1	0.9	;
	699	1	0.040	0.020	0.000	0.000	1	1	0	4.16	1	1.1	0.9	;
	701	1	0.040	0.020	0.000	0.000	1	1	0	4.16	1	1.1	0.9	;
	703	1	0.040	0.020	0.000	0.000	1	1	0	4.16	1	1.1	0.9	;
	705	1	0.040	0.020	0.000	0.000	1	1	0	4.16	1	1.1	0.9	;
	707	1	0.000	0.000	0.000	0.000	1	1	0	4.16	1	1.1	0.9	;
	708	1	0.040	0.020	0.000	0.000	1	1	0	4.16	1	1.1	0.9	;
	709	1	0.040	0.020	0.000	0.000	1	1	0	4.16	1	1.1	0.9	;
	710	1	0.040	0.020	0.000	0.000	1	1	0	4.16	1	1.1	0.9	;
	711	1	0.100	0.050	0.000	0.000	1	1	0	4.16	1	1.1	0.9	;
	715	1	0.080	0.040	0.000	0.000	1	1	0	4.16	1	1.1	0.9	;
	718	1	0.140	0.070	0.000	0.000	1	1	0	4.16	1	1.1	0.9	;
	628	1	0.080	0.040	0.000	0.000	1	1	0	4.16	1	1.1	0.9	;
	631	1	0.040	0.020	0.000	0.000	1	1	0	4.16	1	1.1	0.9	;
	633	1	0.040	0.020	0.000	0.000	1	1	0	4.16	1	1.1	0.9	;
	635	1	0.080	0.040	0.000	0.000	1	1	0	4.16	1	1.1	0.9	;
	638	1	0.040	0.020	0.000	0.000	1	1	0	4.16	1	1.1	0.9	;
	639	1	0.040	0.020	0.000	0.000	1	1	0	4.16	1	1.1	0.9	;
	640	1	0.040	0.020	0.000	0.000	1	1	0	4.16	1	1.1	0.9	;
	645	1	0.120	0.060	0.000	0.000	1	1	0	4.16	1	1.1	0.9	;
	650	1	0.020	0.010	0.000	0.000	1	1	0	4.16	1	1.1	0.9	;
	652	1	0.060	0.030	0.000	0.000	1	1	0	4.16	1	1.1	0.9	;
	654	1	0.040	0.020	0.000	0.000	1	1	0	4.16	1	1.1	0.9	;
	657	1	0.105	0.075	0.000	0.000	1	1	0	4.16	1	1.1	0.9	;
	658	1	0.210	0.150	0.000	0.000	1	1	0	4.16	1	1.1	0.9	;
	659	1	0.140	0.095	0.000	0.000	1	1	0	4.16	1	1.1	0.9	;
	660	1	0.040	0.020	0.000	0.000	1	1	0	4.16	1	1.1	0.9	;
	661	1	0.020	0.010	0.000	0.000	1	1	0	4.16	1	1.1	0.9	;
	760	3	0.000	0.000	0.000	0.000	1	1	0	4.16	1	1.1	0.9	;
	%% Buses missing from original 123 bus case--no load for now
	671	1	0.000	0.000	0.000	0.000	1	1	0	4.16	1	1.1	0.9	;
	704	1	0.000	0.000	0.000	0.000	1	1	0	4.16	1	1.1	0.9	;
